-18.567 -16.4956 38.1348
-23.222 -16.5047 42.183
-17.5345 -17.1505 36.1785
-20.9659 -17.9541 38.3882
-10.1588 16.0486 67.8517
-13.6859 -6.72855 40.561
-65.546 40.5637 105.438
-9.54824 -4.06598 50.2666
-23.8016 -17.154 36.2985
-30.3491 -21.5463 44.3482
20.8002 -14.5082 43.2656
19.0366 -16.7176 41.6747
18.7675 -17.5648 38.534
19.7432 -20.5895 44.4494
0.0912395 0.372074 1.29911
-9.80014 13.8368 52.9266
-24.312 4.04708 57.7626
7.73571 27.6078 71.2824
-15.2547 9.5599 55.8795
-41.6089 12.8459 73.3346
-40.5602 17.047 66.6399
7.34557 -16.0712 34.1296
4.64338 -16.5211 35.3303
10.9361 -12.5707 35.5716
8.86639 -12.3278 34.4881
11.9878 -15.4487 34.9844
-27.3619 -6.70579 52.8827
11.9733 -10.4291 37.1158
15.0989 -12.8863 37.8095
12.2697 -12.6735 36.2927
-28.2275 5.29916 57.5086
-32.4501 5.90745 59.9651
-17.3939 -10.28 40.179
-24.1792 -3.06191 52.1485
-21.2035 -5.71448 50.3613
-1.91365 -11.68 29.8031
4.1428 -14.952 36.4272
3.61454 -15.1397 32.1977
1.95952 -14.4134 31.7111
33.4388 -0.317718 60.4067
67.5281 1.03047 94.0401
55.4236 0.0552649 80.6804
146.449 82.509 189.13
94.827 62.1823 137.916
0.854298 6.59131 48.6251
6.20696 1.27923 54.2142
13.5624 11.0931 60.6008
16.7245 1.49901 51.421
16.1782 5.14427 52.9688
12.1594 26.7478 75.0905
11.1609 25.3873 74.5663
6.17305 17.2561 70.4938
19.8513 29.9364 73.4093
21.0377 23.925 74.5239
26.6655 -17.1623 48.6593
26.5393 -22.1949 48.5328
60.1632 -22.6241 80.297
57.0876 -30.1156 74.1837
36.5402 -24.964 57.0751
25.9415 -1.52336 56.996
29.3442 -12.1282 51.3089
63.899 -3.00229 91.4894
51.3723 -13.7698 70.4543
38.1511 -14.3579 59.3948
4.36644 -12.099 31.9554
10.0048 -13.8218 32.2366
5.69223 -6.31334 32.2689
2.77706 -0.313757 12.4199
17.655 -8.94379 43.3505
9.771 -7.04837 35.4325
-9.90341 11.5211 57.8255
-6.93097 0.196675 42.1402
-12.6444 21.0245 58.8627
-24.0491 22.6602 72.3816
-41.2605 9.15071 64.4134
-49.979 15.8838 72.7555
-35.0762 16.3745 65.1099
-8.97015 -12.8183 38.1601
-9.60173 -11.5878 34.0086
-11.6134 -13.3547 34.3159
-1.26629 -5.47462 43.007
-6.71577 -6.96789 44.3772
-31.0974 -19.1171 54.3107
-47.7056 -9.44489 64.1329
-26.2487 -7.36294 51.8263
-8.42022 -3.57281 44.318
-27.7094 -11.9226 50.6866
-53.3595 35.7213 91.1894
13.7639 -15.49 35.2407
11.7015 -15.0595 34.0836
-3.31228 -13.8379 34.05
-5.50575 -13.6187 33.7485
-2.68605 -15.372 32.0204
16.0225 -13.6611 40.0347
8.6727 -8.7825 33.3915
-25.1926 -17.9764 45.8082
-15.1877 -14.8047 31.257
-24.8553 4.09538 59.1401
-21.6273 -0.752822 43.2938
-66.305 49.2726 118.603
-39.6844 31.4817 83.0646
-47.9241 30.351 87.4043
-39.0492 -3.25358 70.2884
-29.1125 -7.20868 56.3781
-25.534 -3.27537 55.2179
-21.6446 -5.88346 51.4842
-20.5775 -8.43996 51.3417
-20.7326 -12.2848 47.9506
4.2589 -14.9779 32.138
0.635666 -14.4881 35.6554
-2.27931 -13.645 34.6865
-0.828192 -13.921 29.5996
3.84655 -13.5488 32.9968
1.18844 -14.8473 36.117
3.48355 -16.3386 34.7251
1.98576 -14.3804 31.6859
34.134 -0.303815 61.552
104.975 68.8208 152.832
2.43029 6.0779 47.9177
5.28005 1.21986 45.2712
18.3298 6.65717 54.1925
12.2421 10.047 54.5665
15.9105 2.72573 45.614
16.0739 3.96396 52.3963
11.8316 28.2848 78.5442
7.43658 26.3824 68.3004
11.85 26.7341 78.8012
5.56744 15.4892 63.3223
22.2864 33.483 82.2014
26.7386 -17.2502 48.8141
55.4255 -20.9435 73.9544
51.4295 -27.0521 66.7032
34.3038 -2.38995 60.9877
26.3848 -1.48042 58.01
46.5721 -2.12289 66.3861
53.8477 -14.4953 73.9196
34.8286 -12.9961 54.0233
4.72799 -12.4051 34.3927
6.93501 -6.15841 33.3666
17.4055 -8.82894 42.6804
-10.014 7.9187 55.4977
-20.0317 10.3598 58.4619
-17.7553 0.90323 52.2067
1.00798 7.79559 59.1122
-10.2069 11.8188 58.9041
-2.92299 0.184786 54.3146
-7.32139 0.167832 44.4045
-13.5649 22.4853 63.1632
-10.2668 14.4368 55.1535
-4.96789 26.7075 62.2194
-2.02857 13.8536 55.3058
-8.80709 14.2208 59.9106
-63.7939 20.051 92.9465
-65.698 33.8539 96.1292
-9.06856 -13.0132 38.6782
-10.0826 -12.1724 35.7739
-7.36523 -15.8126 38.2282
-10.9599 -12.6232 32.4013
-2.7754 -12.1893 36.329
-15.6259 -3.76934 50.4112
-8.89853 -6.74564 41.659
-15.9782 -7.85346 47.1488
-1.26542 -5.50878 42.9799
-6.58587 -1.089 43.4152
-6.7865 -7.02261 44.6481
-21.8767 -13.3928 38.1878
-36.4316 -15.2617 54.4655
-29.4518 -21.2494 44.801
-25.0681 -15.9201 45.4093
-26.9994 -6.59083 40.6895
-45.7565 -9.03467 61.5306
-63.5917 44.6023 107.517
-66.2391 44.1222 113.232
-49.2805 30.6594 79.3249
-15.8393 -15.1277 32.6636
-3.4619 -14.4338 35.4212
-42.1869 4.97778 69.4209
-30.6747 0.124544 52.2405
-25.8461 4.24347 54.3115
-15.0732 18.3978 63.5021
-10.8053 14.8472 57.3643
-12.7189 12.9986 51.6187
-21.8841 -2.8764 47.6179
-84.4072 39.1626 129.952
6.7103 -15.5139 36.4794
4.37529 -15.2546 32.7217
3.54374 -17.0119 36.0754
1.93909 -14.3821 31.7434
-35.612 30.064 73.5179
-43.5888 32.5506 77.8545
-45.1963 35.3696 94.475
-41.1084 26.2012 75.0947
36.3608 -0.472317 65.8608
48.8542 -0.105794 71.3916
4.68812 1.09954 40.542
19.0171 6.9957 56.4794
14.8883 12.1411 66.9333
16.6399 4.00772 54.5117
12.141 28.7063 79.4848
5.95617 16.7718 68.5649
20.2001 30.9429 75.825
27.9624 -18.0265 51.1264
15.419 -13.6804 36.8888
54.0366 -20.5631 72.1636
39.2378 -15.2999 57.7862
56.189 -29.6743 73.2012
54.2942 -34.2922 78.1714
38.296 -2.98222 65.9748
17.6893 -9.0557 43.4173
49.9738 -2.36632 71.383
36.8843 -13.9211 57.5598
4.77007 -12.6387 34.9261
3.72872 -12.4681 34.4704
11.7531 -12.2868 35.1414
9.17822 -9.36809 35.5098
6.72712 -6.06667 32.7607
23.6077 -1.34061 60.3048
-11.0808 8.59317 60.7545
-22.2106 11.3763 64.64
0.921819 8.19135 63.8915
-7.55496 -0.0171969 45.5057
-16.7606 27.2938 77.284
-22.952 22.6406 74.1848
-5.72304 30.0512 70.2411
-2.35881 15.6858 63.1313
-34.4234 10.2605 68.1274
-40.1313 18.5675 73.9225
-9.65568 -13.7994 40.9655
-9.78199 -11.7807 34.6229
-6.17679 -13.1597 31.8793
-1.63728 -10.3319 30.2833
-4.64075 -13.2324 36.7466
-0.960044 -16.1163 34.2246
-16.8654 -4.09979 54.1073
-9.31834 -7.13227 43.3304
-6.4494 -1.04175 41.6862
-30.5029 -12.8119 45.5534
-30.8683 -22.8176 48.2244
-26.1957 -17.8525 39.0124
-20.7473 -13.1278 37.5264
-32.0164 -7.94525 48.2813
-48.078 -12.0509 88.4144
-62.9232 29.3931 96.7479
-35.0743 4.26194 57.7547
-23.6208 -8.35533 54.8761
-43.4978 36.6836 89.4784
-35.5984 22.697 64.9302
61.4522 0.772496 86.1389
56.3478 -0.817883 83.3969
115.622 91.9227 275.448
2.61313 6.73336 53.1904
4.83578 1.17019 42.2468
6.98631 1.46033 64.1805
20.6683 7.66025 61.178
18.4146 4.37035 60.5513
11.7267 27.4726 76.0793
23.8683 36.8344 89.9935
21.0504 23.7802 74.449
26.3771 -16.8894 48.1646
51.171 -19.5445 68.7182
37.1193 -14.4357 54.5851
53.5573 -33.8288 77.068
42.1557 -28.1815 62.9977
25.8754 -9.30887 50.216
18.952 -9.73514 46.4967
58.7591 -2.74748 84.1425
48.1896 -13.0903 66.3807
34.1444 -12.8237 53.1885
2.14557 -8.9755 34.5613
5.38435 -17.2777 42.3534
12.113 -12.7367 36.5629
8.35333 -8.64693 32.5941
11.961 -15.8008 35.4789
8.17266 -2.46018 47.9132
11.8263 -8.36728 42.3006
-9.00325 7.02324 49.4985
0.802408 6.95284 53.3137
-8.25943 0.105141 49.5738
-10.1909 14.0508 54.0584
-23.4482 23.1398 75.9329
-5.09788 27.1573 63.2714
-8.52884 13.6391 57.727
-24.2413 6.21109 57.6948
-27.7306 4.49702 58.1461
-95.7664 59.7674 154.416
-20.4455 22.7594 53.5726
-25.1186 17.5419 60.6387
-47.643 22.0395 87.7404
-7.98437 -11.3402 33.8413
-14.5835 -12.1893 40.1231
-7.50945 -15.9638 38.5396
-13.1425 -13.7379 37.3339
-2.94266 -12.4679 37.2969
-9.83113 -4.19244 51.3516
-14.5497 -2.97295 45.4949
-9.44842 -7.1848 43.7981
20.9289 -9.88276 47.7322
-13.8464 -4.96319 42.1297
-83.2134 56.6731 134.992
-12.5597 -15.191 58.4853
-13.4078 -3.21558 43.3999
-11.8457 -8.56795 39.536
-1.50107 -5.77584 44.3452
-28.5464 -18.0987 51.0792
-33.9978 -14.2577 50.5787
-30.4889 -20.8698 45.4217
-35.2287 -8.72365 53.0207
-24.166 -3.26111 52.3153
-39.8867 -9.81446 73.114
8.91745 20.3513 56.6255
37.3852 106.093 435.737
28.5531 1.79871 54.5172
14.34 -7.02802 38.4555
8.55089 -7.51709 37.4821
1.0095 7.85824 63.2247
-6.35041 9.49198 47.0159
-6.87837 0.102785 41.2493
-10.1926 16.1164 69.1288
48.4807 -2.38438 69.3282
63.8479 -17.6205 88.3104
37.857 -11.7324 62.1854
-9.10034 7.07159 49.7202
51.261 -18.4598 68.0021
19.472 -15.9045 38.2181
-21.0938 -13.4286 38.1786
-28.826 -12.1146 42.6255
-20.6483 -14.6626 35.6826
-41.9537 26.6232 76.8206
-41.8137 18.9524 76.8564
17.7791 6.67701 52.387
11.575 9.53889 52.3217
15.5273 3.68786 50.4657
-47.89 -4.14347 86.0104
-35.2715 -8.66567 64.4881
-40.7415 -10.1679 61.2094
21.4446 -3.14362 49.2897
-1.43958 -5.53729 42.7319
-6.36173 -0.997008 40.3614
-7.91169 -8.15829 52.0917
-17.6956 -14.8267 48.4254
-14.3637 -12.8261 34.257
-29.3974 7.11014 70.0467
-35.61 10.4005 70.7346
-24.8819 0.304976 47.3086
-8.20804 -11.5507 34.6085
-11.1458 -13.4357 39.2598
-9.29848 -3.96331 42.4041
-8.3538 -8.5752 38.1209
10.8773 -11.4876 32.8996
9.06689 -9.22264 34.9331
13.0193 -17.2608 38.7405
-40.0596 12.1446 71.5317
-57.6866 16.7123 83.1736
-33.9235 3.15626 52.1352
-19.0156 30.0381 86.3487
-21.3644 23.5055 65.9447
-21.1567 20.6979 68.6316
2.41458 -10.0456 38.3302
4.50067 -14.449 35.4256
-93.8638 58.6606 151.531
-54.1138 25.0278 83.2077
-25.7837 -6.972 60.1067
-22.9992 -8.09268 53.3448
-32.3852 -8.44186 62.8599
7.42217 -6.92955 36.6893
19.9137 30.7299 75.0229
6.86303 1.44345 59.1858
58.7893 -0.934752 86.9861
54.4101 -34.5508 79.1592
-29.0167 -7.13861 53.2009
-15.1606 11.7125 81.3048
-8.32203 0.177036 48.2734
26.6627 -4.04882 61.6552
21.4409 -8.16268 44.0949
18.5889 -9.90499 45.0891
17.3725 -2.87954 47.1505
10.9131 -2.22332 44.8855
15.3986 -7.59356 41.6115
9.35868 -8.33519 41.2172
-50.1647 38.6952 103.974
14.7975 5.72868 43.6371
11.9676 9.97202 54.9461
19.0019 4.47931 63.0058
-7.46238 -1.19633 46.2712
-1.27106 -4.44208 34.4578
-29.7393 8.79535 58.9871
-10.1082 -4.42466 46.3229
-15.7973 -3.35792 49.0785
-16.0196 -7.38131 45.8827
-35.466 11.07 62.8841
-16.1532 -14.3438 38.4566
-25.9323 -23.0311 52.4652
8.61014 -12.7003 31.9289
1.97043 -8.46219 31.8703
4.86633 -13.0028 36.1151
-28.9073 31.7167 88.9831
-7.88785 10.5816 40.9388
-36.9599 23.6406 67.522
-35.9955 19.0865 65.7477
-8.93843 -12.4822 37.2844
-13.0941 -14.298 44.0106
-9.56436 -13.0191 33.885
-27.6849 -1.41103 55.7861
-16.2438 -5.44808 37.4614
-26.9847 -6.98308 52.0762
-24.2963 -10.117 35.9329
-8.51564 13.6411 57.7542
5.8682 -5.61666 29.4277
17.531 -15.8412 42.4979
15.9115 22.2761 56.8068
9.54692 21.8691 60.5537
4.52512 1.11748 39.128
39.1284 -0.154817 57.1976
-1.3731 -11.5514 35.2554
-6.05751 -19.5554 46.6479
-20.1241 5.0624 48.4005
-26.9534 8.05718 53.5876
-25.3534 4.12249 53.0378
0.390509 -2.488 38.4077
-4.15768 -2.68355 45.1588
-1.70402 -5.65415 43.0316
22.1463 -3.14431 51.3509
24.009 -9.22705 49.6263
15.2564 -7.74396 36.3416
12.0804 9.89334 54.4976
-22.3898 -18.6727 60.8525
-25.0742 -22.2482 58.7482
-7.59018 -1.23341 46.2545
-19.7141 -4.39381 61.8848
-29.4653 9.22991 52.3575
-33.8334 0.455941 63.5197
1.725 -6.97851 26.6322
3.67173 -13.9476 37.3032
-8.87515 -10.8275 37.6301
-8.74471 -12.0322 36.0856
-11.9454 -14.1672 41.618
14.2867 -12.3759 43.6713
9.33956 -11.3239 41.9795
15.253 -15.9017 42.3656
-9.50692 12.5456 49.1899
-32.385 20.8808 59.2952
-17.9431 -0.963976 48.0416
-22.8201 -1.20562 46.1572
-17.1702 -7.73625 43.7403
-31.8938 -7.86521 47.9875
-24.2963 -10.1169 35.9329
-46.1905 35.698 95.9652
0.636874 6.30666 51.1734
12.3035 -8.28909 44.6879
6.71372 -6.75253 33.9519
54.0483 -30.9703 76.4239
12.7906 16.9421 49.7677
8.09926 18.5162 50.5981
40.9106 -0.209445 59.6367
38.9826 1.1182 73.4145
-37.95 -9.53297 57.3149
15.5441 6.30985 45.6556
15.4489 3.3421 44.3369
7.83734 -9.44857 35.0392
-18.5444 -15.4631 50.4473
-12.7036 -11.1686 29.5904
-6.24218 -0.96602 38.5034
-19.7494 -4.41402 61.6206
-18.0039 23.4032 76.9218
-17.3325 16.234 53.5883
-12.1895 15.3971 61.4225
-16.1918 -11.7045 53.1248
-8.41321 -15.9558 43.2409
-45.7907 23.9659 83.0844
-22.8672 -10.602 58.4604
-27.5925 -8.96256 62.9663
-1.99258 -7.07277 52.7278
-30.9382 7.49368 74.647
0.576526 7.42382 63.7463
-7.27378 6.00658 38.415
10.4831 -6.90915 37.6544
6.94209 -7.18535 36.1495
21.6259 -11.3712 52.2392
43.1111 -0.281992 62.8745
32.3662 1.07153 60.9211
