--- Tree node i: 0contains 2 keypoints: 
706  341
708  342
--- Tree node i: 1contains 3 keypoints: 
31  37
22  50
24  50
--- Tree node i: 2contains 4 keypoints: 
583  56
547  96
547  98
549  106
--- Tree node i: 3contains 5 keypoints: 
195  252
216  235
223  240
191  267
215  259
--- Tree node i: 4contains 6 keypoints: 
632  361
632  367
631  371
633  357
634  362
633  368
--- Tree node i: 5contains 7 keypoints: 
78  15
79  18
74  20
74  25
74  27
89  27
83  49
--- Tree node i: 6contains 7 keypoints: 
110  250
114  257
128  238
130  256
112  266
110  271
116  271
--- Tree node i: 7contains 8 keypoints: 
361  352
379  353
403  338
401  346
381  357
378  361
379  364
403  388
--- Tree node i: 8contains 8 keypoints: 
452  410
450  411
476  399
459  402
481  402
474  404
461  435
460  437
--- Tree node i: 9contains 9 keypoints: 
15  393
10  394
20  399
25  403
32  424
9  426
11  426
32  432
42  428
--- Tree node i: 10contains 9 keypoints: 
54  392
58  436
74  419
66  420
79  424
65  434
75  435
89  442
81  443
--- Tree node i: 11contains 9 keypoints: 
147  224
151  224
154  224
144  234
136  243
156  232
162  235
175  238
168  279
--- Tree node i: 12contains 9 keypoints: 
420  282
420  285
418  290
421  298
408  322
433  291
439  291
443  291
436  292
--- Tree node i: 13contains 9 keypoints: 
684  280
688  281
675  284
687  284
677  285
692  285
683  286
687  296
710  307
--- Tree node i: 14contains 10 keypoints: 
287  348
271  377
294  365
314  374
312  383
279  387
283  388
279  391
287  391
300  391
--- Tree node i: 15contains 10 keypoints: 
323  9
324  11
325  14
332  32
359  17
325  41
326  53
336  36
337  51
337  54
--- Tree node i: 16contains 10 keypoints: 
401  282
360  314
391  298
392  313
368  315
387  318
385  322
401  297
360  333
362  335
--- Tree node i: 17contains 10 keypoints: 
416  17
410  21
405  27
416  27
407  28
414  29
419  30
423  31
424  34
445  38
--- Tree node i: 18contains 10 keypoints: 
598  228
600  256
627  229
614  246
619  247
616  248
626  249
619  250
614  251
620  258
--- Tree node i: 19contains 10 keypoints: 
632  11
632  34
633  11
638  21
641  21
655  34
659  34
655  35
660  35
668  38
--- Tree node i: 20contains 11 keypoints: 
177  3
178  10
179  34
146  45
142  53
177  38
160  39
160  45
161  50
169  54
177  54
--- Tree node i: 21contains 11 keypoints: 
290  307
294  308
291  312
311  305
271  328
271  332
278  324
287  325
299  325
281  333
289  333
--- Tree node i: 22contains 12 keypoints: 
15  65
43  56
15  68
13  70
15  72
19  72
4  73
5  75
16  82
27  82
28  86
32  95
--- Tree node i: 23contains 12 keypoints: 
305  225
281  234
278  239
286  240
297  247
286  252
313  245
299  261
285  264
279  276
309  262
305  273
--- Tree node i: 24contains 12 keypoints: 
477  243
478  245
468  250
462  257
472  258
484  255
452  266
474  261
465  262
457  264
464  266
463  268
--- Tree node i: 25contains 13 keypoints: 
260  224
231  243
237  243
240  250
227  256
244  229
264  240
254  245
257  247
253  248
237  265
263  267
268  267
--- Tree node i: 26contains 14 keypoints: 
430  339
449  345
449  350
427  354
412  355
418  356
422  358
423  358
428  367
411  387
414  389
433  388
430  391
440  391
--- Tree node i: 27contains 15 keypoints: 
36  284
44  284
17  310
35  295
33  298
42  299
35  312
43  322
25  330
43  323
38  324
40  325
40  327
37  330
39  330
--- Tree node i: 28contains 15 keypoints: 
330  235
330  238
325  246
327  248
328  258
346  231
335  237
343  242
342  244
328  259
323  260
321  270
324  270
354  272
342  278
--- Tree node i: 29contains 15 keypoints: 
519  56
525  62
510  97
519  81
517  82
522  82
524  83
527  83
518  84
520  85
527  87
530  87
532  87
521  92
530  105
--- Tree node i: 30contains 15 keypoints: 
631  87
632  89
636  82
662  87
633  90
635  91
647  95
653  96
658  96
663  87
632  102
631  105
632  110
639  106
639  109
--- Tree node i: 31contains 15 keypoints: 
694  82
706  83
711  83
709  87
716  87
706  90
705  92
702  94
715  97
703  98
709  98
684  111
692  111
709  99
693  111
--- Tree node i: 32contains 16 keypoints: 
39  354
31  373
12  377
14  377
30  378
24  380
31  380
11  384
29  384
13  385
3  386
10  386
36  379
35  382
42  382
12  388
--- Tree node i: 33contains 16 keypoints: 
434  180
417  201
419  220
413  222
433  196
428  197
425  198
446  200
436  205
448  207
425  208
434  210
434  213
444  221
448  221
439  223
--- Tree node i: 34contains 16 keypoints: 
465  34
489  9
491  10
487  22
483  34
461  35
465  35
482  39
479  40
467  43
482  44
468  45
484  40
483  46
483  51
491  52
--- Tree node i: 35contains 16 keypoints: 
604  282
609  285
614  290
601  306
614  291
617  296
610  320
588  324
593  324
586  327
590  327
601  327
597  328
587  332
592  332
596  332
--- Tree node i: 36contains 16 keypoints: 
676  169
675  171
681  173
682  177
691  179
697  174
704  174
706  176
699  180
699  182
701  184
692  208
680  219
694  208
694  211
693  214
--- Tree node i: 37contains 16 keypoints: 
692  11
691  21
691  24
691  27
692  32
696  11
693  21
693  27
695  27
693  32
703  34
689  35
686  38
691  38
703  36
708  36
--- Tree node i: 38contains 17 keypoints: 
48  230
79  242
85  248
45  261
52  262
54  262
58  262
45  263
50  263
55  265
46  266
51  267
60  268
54  270
58  271
54  277
63  279
--- Tree node i: 39contains 17 keypoints: 
586  144
591  145
587  146
601  146
589  148
590  150
597  150
592  154
602  157
590  160
592  161
603  146
626  148
603  152
618  152
603  155
594  166
--- Tree node i: 40contains 17 keypoints: 
659  287
671  282
673  282
669  283
664  284
667  288
663  290
671  290
637  301
645  303
635  319
671  298
644  324
643  329
665  333
670  333
673  334
--- Tree node i: 41contains 18 keypoints: 
9  224
7  225
9  250
41  227
41  231
37  250
23  278
37  259
44  265
38  267
41  268
35  269
38  269
33  270
34  274
38  276
35  277
38  278
--- Tree node i: 42contains 18 keypoints: 
329  176
330  186
328  189
345  171
351  172
336  185
351  186
335  189
321  202
343  206
338  207
345  208
353  210
354  216
356  217
335  219
342  219
357  219
--- Tree node i: 43contains 18 keypoints: 
360  168
362  173
360  184
370  171
378  172
363  173
374  173
378  177
369  187
365  196
376  197
391  210
376  215
380  216
376  217
371  223
397  214
396  220
--- Tree node i: 44contains 18 keypoints: 
683  224
689  239
679  253
701  258
681  259
690  259
677  262
686  263
681  264
688  264
688  266
679  267
690  269
680  272
685  276
690  277
676  278
701  259
--- Tree node i: 45contains 20 keypoints: 
506  418
535  393
520  402
515  405
521  412
506  419
521  420
518  421
523  421
527  421
523  423
517  425
519  429
516  430
529  430
513  431
526  431
519  436
516  440
521  441
--- Tree node i: 46contains 20 keypoints: 
632  112
643  113
648  115
650  117
647  119
653  121
649  122
662  122
637  137
642  149
647  153
654  153
658  154
646  155
641  159
662  160
674  157
666  158
671  160
656  163
--- Tree node i: 47contains 21 keypoints: 
241  281
231  288
265  282
255  284
245  285
241  291
240  303
241  307
228  308
230  309
238  311
241  312
237  313
239  314
237  317
239  317
225  321
230  322
255  294
265  310
227  323
--- Tree node i: 48contains 21 keypoints: 
512  169
502  170
504  171
508  172
506  179
513  169
539  182
517  192
514  193
534  194
503  196
499  198
498  203
496  209
507  216
512  218
537  200
527  205
534  212
538  213
513  218
--- Tree node i: 49contains 21 keypoints: 
571  34
574  32
540  37
564  38
549  39
561  42
567  42
546  44
549  44
554  44
556  44
563  44
562  50
570  50
568  55
581  48
576  49
579  50
575  52
582  52
577  55
--- Tree node i: 50contains 22 keypoints: 
272  59
272  65
273  59
276  62
273  65
302  66
303  66
310  66
272  74
273  74
300  74
289  76
308  69
310  69
314  69
307  71
314  72
308  73
303  74
308  98
308  99
309  106
--- Tree node i: 51contains 22 keypoints: 
452  189
482  186
456  188
473  188
453  189
474  191
493  173
488  186
452  195
451  218
473  198
481  203
461  209
472  210
479  211
475  212
465  213
463  214
458  215
471  220
469  222
485  211
--- Tree node i: 52contains 22 keypoints: 
601  176
591  188
602  192
585  193
617  171
607  173
623  174
628  179
609  187
626  187
602  205
601  221
619  195
627  195
610  197
629  197
624  198
603  205
608  205
605  207
624  214
616  223
--- Tree node i: 53contains 23 keypoints: 
331  282
321  305
323  309
321  322
337  302
350  322
318  323
333  323
351  323
339  325
345  326
359  326
335  328
346  328
339  329
342  330
333  331
354  331
356  331
348  332
351  332
335  333
358  333
--- Tree node i: 54contains 24 keypoints: 
681  112
690  113
678  114
697  113
700  114
702  116
678  140
677  145
678  149
678  159
704  132
706  135
701  142
707  142
707  148
708  151
705  158
709  159
712  160
702  161
698  162
709  162
703  164
706  166
--- Tree node i: 55contains 25 keypoints: 
239  168
227  172
227  175
232  176
228  179
232  181
226  182
242  186
236  190
233  191
245  172
250  172
255  172
262  174
264  174
256  176
252  177
269  178
243  186
250  187
244  194
235  202
239  223
248  195
261  212
--- Tree node i: 56contains 25 keypoints: 
586  56
606  61
595  79
589  80
599  82
592  85
586  87
594  87
597  88
602  89
609  68
609  73
609  75
619  76
604  79
622  79
605  82
608  82
603  83
612  84
606  87
609  88
604  89
616  89
628  99
--- Tree node i: 57contains 26 keypoints: 
141  282
138  284
140  292
142  296
144  296
152  297
140  299
151  299
144  300
137  301
148  302
135  304
144  304
138  307
146  307
136  311
147  311
138  312
145  319
147  319
140  321
170  317
174  328
177  328
178  331
169  334
--- Tree node i: 58contains 26 keypoints: 
589  29
592  29
590  34
606  25
604  28
607  29
620  29
607  34
612  34
589  35
587  41
595  41
585  46
597  49
593  52
589  53
600  53
607  35
612  35
607  40
618  40
608  42
607  45
607  50
615  50
615  52
--- Tree node i: 59contains 26 keypoints: 
649  224
639  226
647  226
658  226
645  227
647  227
658  227
651  228
642  229
651  230
662  231
647  235
657  242
662  245
656  255
663  246
663  250
663  259
673  259
665  263
670  263
674  264
665  267
664  271
673  275
674  278
--- Tree node i: 60contains 27 keypoints: 
235  6
234  8
236  14
233  18
260  7
246  8
260  11
246  13
261  13
263  15
264  28
250  31
262  31
261  34
264  34
241  54
228  55
231  55
264  35
264  45
262  46
247  47
264  51
251  52
246  53
244  54
254  55
--- Tree node i: 61contains 27 keypoints: 
541  283
542  289
559  286
571  296
557  298
572  299
570  305
548  313
564  321
573  298
540  329
540  334
567  323
544  324
554  324
564  327
553  328
550  329
562  329
563  332
565  332
553  333
558  335
579  325
578  329
582  330
583  334
--- Tree node i: 62contains 28 keypoints: 
297  126
300  130
305  126
300  131
300  134
297  137
294  140
292  148
302  151
301  154
298  159
301  159
309  132
312  133
312  142
305  143
303  151
311  151
308  153
306  154
304  161
312  162
288  164
301  164
283  167
313  163
304  166
309  166
--- Tree node i: 63contains 28 keypoints: 
590  336
597  337
602  340
596  341
585  342
589  344
602  344
587  347
604  336
585  368
600  385
608  355
621  358
623  365
603  367
612  368
626  368
623  372
618  375
622  375
604  376
616  376
619  379
603  380
621  384
600  387
600  390
617  388
--- Tree node i: 64contains 29 keypoints: 
238  346
233  354
246  350
234  356
227  358
236  359
230  360
226  361
236  361
232  362
242  363
235  364
234  370
238  373
237  377
226  379
238  379
234  380
226  381
229  381
231  382
225  384
241  384
227  386
227  387
232  388
227  389
233  390
238  391
--- Tree node i: 65contains 29 keypoints: 
323  393
358  403
321  419
315  420
319  421
331  421
327  423
329  424
320  425
323  425
325  427
319  428
329  430
321  433
330  437
328  438
327  442
320  444
355  419
340  421
337  425
339  425
344  425
333  426
336  427
343  430
356  438
340  439
358  440
--- Tree node i: 66contains 29 keypoints: 
382  226
362  253
382  227
367  231
386  231
372  232
383  233
370  234
381  234
372  239
374  241
378  242
392  244
368  246
382  246
363  247
376  248
383  248
372  249
376  251
377  254
380  257
396  232
404  238
396  239
398  241
391  263
376  264
370  277
--- Tree node i: 67contains 30 keypoints: 
54  284
58  285
62  285
51  290
59  292
62  292
57  295
50  300
48  301
46  302
50  303
51  306
48  307
60  307
49  309
52  309
62  315
47  316
54  316
61  318
53  319
55  321
82  292
62  323
53  325
81  324
68  329
89  333
83  334
66  335
--- Tree node i: 68contains 31 keypoints: 
272  3
270  4
272  26
272  28
271  34
276  3
282  3
273  4
297  4
284  5
295  5
299  7
302  7
292  8
274  10
296  10
290  12
295  13
287  14
290  14
275  15
278  15
284  15
273  28
274  32
303  9
271  35
272  47
281  37
273  47
303  38
--- Tree node i: 69contains 32 keypoints: 
346  336
353  336
336  337
339  337
353  338
357  338
359  338
335  339
353  341
335  342
342  344
352  345
335  346
359  346
344  347
334  348
342  348
338  349
346  349
335  350
357  350
340  351
353  353
347  354
358  354
340  359
345  361
338  365
335  366
359  379
337  385
342  389
--- Tree node i: 70contains 32 keypoints: 
482  116
466  117
472  117
476  117
462  120
464  120
467  121
473  122
477  122
469  123
461  126
463  126
469  126
460  129
464  129
483  116
491  118
488  120
451  133
461  131
469  134
466  141
468  141
482  143
459  147
471  156
481  156
468  160
482  160
483  143
484  149
483  160
--- Tree node i: 71contains 33 keypoints: 
391  400
395  392
398  392
393  397
404  397
399  398
399  401
402  401
395  407
396  414
393  416
394  418
361  425
361  440
367  419
389  419
391  420
369  422
367  423
372  424
379  426
383  426
391  426
366  433
382  437
381  442
388  442
404  421
404  423
402  428
394  435
399  437
398  440
--- Tree node i: 72contains 33 keypoints: 
411  226
417  226
439  225
433  226
411  227
422  231
405  232
420  232
418  233
415  234
413  235
410  237
406  239
422  239
418  244
415  246
410  247
408  250
424  230
441  235
438  236
433  237
432  239
436  239
445  240
431  242
441  256
443  258
431  264
433  272
436  272
432  275
435  277
--- Tree node i: 73contains 33 keypoints: 
495  119
497  120
499  121
503  123
498  125
504  130
517  130
526  130
532  130
504  131
505  134
510  134
508  138
505  140
505  154
516  131
526  131
533  131
520  132
523  133
531  133
536  134
539  134
518  135
527  136
538  136
530  137
522  138
533  138
535  138
517  139
527  141
524  152
--- Tree node i: 74contains 33 keypoints: 
511  3
505  4
495  12
497  13
504  16
507  17
512  19
502  33
523  16
520  30
528  30
531  32
533  34
505  36
505  42
502  46
508  46
498  49
512  52
500  54
504  55
531  35
535  37
533  40
533  42
536  45
533  46
538  46
530  47
514  52
518  53
520  53
535  55
--- Tree node i: 75contains 34 keypoints: 
497  236
500  254
535  227
526  228
507  267
516  259
538  261
519  262
527  262
535  262
539  263
520  264
527  264
533  265
521  267
529  267
513  268
523  268
531  268
525  269
527  269
537  269
516  271
539  271
525  272
516  273
519  273
529  273
516  275
521  276
529  276
524  277
534  278
519  279
--- Tree node i: 76contains 36 keypoints: 
97  288
134  284
130  285
101  291
108  291
111  291
120  291
122  291
96  295
104  295
119  300
111  304
120  304
96  305
109  305
93  306
122  307
93  309
110  309
116  310
97  312
101  317
117  317
95  318
116  322
123  291
126  292
134  297
125  298
132  298
131  301
129  306
125  307
125  311
134  322
129  329
--- Tree node i: 77contains 37 keypoints: 
542  339
541  343
541  345
551  336
543  338
547  339
560  340
549  343
559  344
555  345
555  347
556  349
560  349
563  349
545  352
549  352
569  352
561  354
584  336
580  344
579  350
573  351
577  353
582  354
542  357
541  359
540  374
546  364
583  363
582  381
582  383
574  384
546  387
564  389
572  390
578  388
581  389
--- Tree node i: 78contains 38 keypoints: 
54  66
75  64
87  65
85  66
48  79
48  85
86  74
85  77
65  78
86  81
65  84
88  85
87  87
65  88
89  88
68  91
80  91
85  94
81  95
74  96
88  96
78  98
83  98
74  99
78  99
72  100
85  100
67  101
77  101
80  101
82  101
75  105
81  105
85  106
67  108
73  108
80  109
84  110
--- Tree node i: 79contains 38 keypoints: 
321  126
321  129
349  115
339  116
352  116
338  118
351  126
356  126
339  127
342  127
349  127
352  128
350  130
323  146
329  149
332  151
322  152
329  152
319  153
320  161
323  161
332  161
349  131
359  136
359  140
351  146
348  148
355  148
343  150
356  150
335  151
348  151
339  152
352  152
336  160
333  162
323  163
316  165
--- Tree node i: 80contains 39 keypoints: 
104  393
97  395
107  396
106  398
97  400
111  403
97  406
120  407
101  408
120  412
111  414
114  414
119  416
111  417
124  402
124  407
127  409
127  414
129  416
91  424
96  419
107  422
101  424
121  424
96  425
107  427
108  429
116  429
93  433
110  433
98  435
102  436
95  439
115  444
133  422
130  425
134  431
124  441
133  444
--- Tree node i: 81contains 40 keypoints: 
181  342
194  336
205  336
184  337
186  338
183  339
187  345
195  353
192  364
202  365
215  358
220  358
224  359
217  360
214  363
220  364
215  365
224  365
222  369
224  369
213  370
215  370
218  371
215  372
219  374
224  374
218  376
213  379
222  381
218  383
214  384
194  387
199  388
210  389
187  390
190  390
200  390
193  391
217  389
223  390
--- Tree node i: 82contains 40 keypoints: 
282  170
301  170
279  171
299  172
302  173
292  174
288  176
290  176
294  176
296  176
283  177
298  178
302  178
298  181
289  182
274  186
280  186
290  186
301  187
293  188
299  190
283  193
285  193
273  194
280  194
296  194
303  172
303  174
306  175
313  177
303  178
310  179
313  179
304  181
280  195
274  204
275  210
294  222
314  211
307  212
--- Tree node i: 83contains 41 keypoints: 
203  285
201  286
196  288
220  289
181  298
191  296
184  297
210  313
204  315
205  317
196  320
202  320
192  321
189  322
198  322
209  322
222  309
219  311
216  312
214  317
216  319
220  319
220  322
182  326
190  323
198  323
201  324
209  325
212  325
183  327
188  328
191  328
211  329
189  330
208  330
193  331
198  331
196  334
189  335
222  324
213  328
--- Tree node i: 84contains 41 keypoints: 
632  185
650  178
636  179
645  180
655  180
657  185
660  185
644  188
669  171
670  175
674  177
664  179
674  180
666  183
668  183
668  186
666  188
672  191
666  192
668  194
635  196
637  205
658  205
647  210
658  212
634  218
662  220
640  222
655  223
668  197
671  199
663  202
671  204
671  207
664  208
667  209
670  209
664  211
668  213
665  214
669  216
--- Tree node i: 85contains 42 keypoints: 
62  349
45  352
50  354
86  338
83  343
77  345
87  348
63  349
78  349
82  349
73  350
70  354
59  370
49  372
51  373
48  374
56  378
56  382
62  384
62  386
74  363
70  365
78  365
66  366
74  367
82  369
70  370
68  372
76  372
84  372
81  375
89  377
68  379
63  384
77  384
66  386
69  386
52  387
62  387
61  390
66  387
69  387
--- Tree node i: 86contains 43 keypoints: 
361  126
385  117
379  123
392  123
373  124
383  124
390  126
378  127
385  127
391  128
384  129
393  126
361  146
362  151
377  132
390  134
384  140
378  141
381  142
391  143
377  145
386  145
370  146
374  146
380  146
365  147
369  149
364  151
363  154
370  161
372  161
401  138
399  141
393  142
395  144
394  146
404  153
399  154
362  167
373  166
390  166
365  167
400  166
--- Tree node i: 87contains 45 keypoints: 
146  340
151  341
135  342
150  343
140  344
136  345
144  345
150  345
145  348
148  348
137  349
140  350
143  351
152  351
165  337
153  339
158  339
169  340
161  342
177  343
160  344
170  345
154  346
167  346
178  346
163  347
175  347
157  348
159  350
153  351
166  353
143  356
139  357
136  358
168  360
139  387
139  389
152  390
158  387
172  387
167  388
178  388
171  390
163  391
174  391
--- Tree node i: 88contains 45 keypoints: 
421  114
413  115
413  121
410  122
415  122
405  123
411  124
406  126
416  126
411  127
408  128
424  113
424  119
435  121
443  123
437  127
426  128
416  131
412  133
416  133
407  136
412  138
417  139
406  140
408  142
414  144
406  145
421  150
409  153
434  131
430  132
436  132
444  133
426  134
441  134
447  135
424  139
435  139
438  148
425  150
428  150
423  151
438  151
435  152
408  165
--- Tree node i: 89contains 45 keypoints: 
542  129
567  126
559  127
547  128
556  128
543  129
568  129
557  130
563  130
570  130
573  130
542  131
540  137
545  131
552  131
562  131
568  131
572  131
556  132
559  132
545  133
554  134
557  134
551  135
566  135
572  135
545  136
555  136
550  138
550  140
570  144
572  150
559  158
556  159
573  131
581  132
575  134
573  135
576  143
580  144
583  145
583  153
576  154
545  163
583  165
--- Tree node i: 90contains 46 keypoints: 
92  25
94  23
93  25
103  27
100  29
105  29
108  29
110  30
96  31
105  31
108  32
110  32
95  33
117  33
109  34
92  37
92  39
91  43
92  45
92  47
96  36
94  38
114  38
120  38
117  40
122  40
94  41
114  41
111  42
93  43
110  44
114  44
121  44
94  45
115  46
93  47
95  47
119  47
121  47
110  50
117  50
95  52
115  52
106  53
101  54
107  55
--- Tree node i: 91contains 46 keypoints: 
592  392
600  392
597  393
589  394
597  395
588  396
588  403
593  404
587  405
590  406
596  407
602  408
588  409
593  409
598  411
595  412
587  413
588  415
611  392
623  392
613  396
605  399
612  399
613  401
605  402
607  402
606  405
606  409
610  415
615  416
601  421
593  423
585  424
587  424
589  428
599  436
600  438
602  439
599  440
593  443
626  420
603  421
613  421
615  421
626  431
604  432
--- Tree node i: 92contains 47 keypoints: 
120  347
114  349
116  350
118  351
106  352
112  352
108  353
120  353
132  343
126  348
129  348
130  350
125  352
130  352
128  354
92  374
92  377
113  356
110  358
120  358
116  360
112  362
122  363
114  367
108  368
103  369
109  371
100  373
98  375
95  377
98  377
130  355
126  356
130  358
126  361
132  362
128  364
99  387
101  387
111  387
116  387
97  388
105  389
113  389
111  390
102  391
128  390
--- Tree node i: 93contains 47 keypoints: 
326  57
326  61
315  64
323  64
327  64
325  66
338  60
343  63
337  64
341  66
321  69
327  70
317  72
331  73
316  77
319  77
332  82
315  84
316  89
317  93
325  94
315  95
320  95
322  95
317  96
332  97
337  67
338  70
333  73
336  73
333  83
357  83
357  87
333  88
337  93
338  96
356  96
333  97
341  98
353  98
318  101
320  104
316  107
341  99
351  101
337  103
357  107
--- Tree node i: 94contains 47 keypoints: 
422  62
427  64
408  68
411  70
408  71
420  72
411  73
416  73
412  75
420  75
411  77
405  78
414  79
422  80
411  81
414  81
408  89
414  89
405  92
422  93
412  94
406  96
415  96
422  96
408  98
411  98
431  69
433  78
423  80
440  82
424  83
442  83
435  85
435  87
423  91
431  93
440  93
423  94
423  96
436  96
423  98
409  99
422  99
410  111
412  111
429  109
438  109
--- Tree node i: 95contains 47 keypoints: 
411  392
418  395
406  398
414  402
417  402
419  402
410  404
415  404
421  405
413  409
410  412
415  412
406  413
417  414
437  393
430  394
449  394
443  399
441  400
424  401
445  401
436  402
442  407
448  407
440  408
426  412
434  412
441  412
439  413
448  413
442  414
436  415
444  417
433  418
413  429
418  429
406  433
419  433
415  436
419  437
421  437
413  439
422  440
415  443
422  443
410  444
434  433
--- Tree node i: 96contains 48 keypoints: 
464  62
452  73
452  81
450  86
450  91
455  67
456  70
478  71
481  71
464  72
472  75
454  76
465  77
471  78
477  78
459  79
453  81
455  81
465  83
474  83
468  84
473  85
481  85
468  86
459  87
471  87
474  89
468  91
460  92
471  92
465  93
468  93
475  94
481  94
482  97
484  72
491  82
484  84
486  84
492  84
484  90
489  92
483  93
484  97
490  97
486  98
476  111
486  99
--- Tree node i: 97contains 49 keypoints: 
227  112
233  113
237  114
230  115
241  115
230  117
239  118
241  118
229  119
228  121
232  121
238  121
225  122
241  122
230  125
225  128
227  130
231  130
259  112
250  113
257  113
243  115
245  116
251  116
228  131
232  131
229  134
231  134
233  135
226  137
232  138
225  140
226  142
227  147
228  150
229  156
231  158
225  160
235  162
239  162
260  154
269  160
241  163
225  166
243  163
253  163
247  164
260  164
268  164
--- Tree node i: 98contains 49 keypoints: 
567  392
543  394
546  397
570  398
564  399
565  402
557  403
571  404
569  405
565  410
571  411
558  412
566  412
551  413
572  413
548  414
566  414
555  418
565  418
572  418
579  398
575  400
573  401
540  431
555  419
565  419
566  422
561  426
543  428
560  428
567  428
546  429
552  432
544  434
559  434
551  435
549  438
565  438
544  440
546  440
565  440
552  441
561  444
583  423
579  430
583  431
578  432
573  433
576  435
--- Tree node i: 99contains 50 keypoints: 
362  17
361  23
371  11
382  11
368  12
373  13
380  15
385  16
366  19
371  19
377  19
382  19
365  23
384  23
374  24
377  24
388  24
365  25
390  27
388  28
367  29
390  29
379  31
383  32
377  33
367  34
372  34
388  34
394  22
399  26
401  27
397  28
367  35
372  35
377  35
372  37
378  37
384  37
371  44
380  44
387  47
390  47
383  49
386  49
392  53
373  55
381  55
384  55
396  51
393  55
--- Tree node i: 100contains 51 keypoints: 
557  227
562  227
543  228
551  228
564  228
561  229
570  229
543  231
548  231
553  231
569  231
546  232
560  232
548  234
553  234
556  234
556  236
558  236
561  236
549  237
570  237
572  238
550  239
556  239
570  239
564  242
544  243
553  243
562  245
549  247
562  247
570  247
549  249
568  249
546  250
558  250
556  252
545  253
548  253
554  253
553  255
557  255
544  256
550  256
561  257
567  257
570  258
542  262
541  267
542  278
575  267
--- Tree node i: 101contains 52 keypoints: 
516  280
527  283
530  286
533  287
519  288
539  288
517  289
522  289
512  295
498  296
507  296
506  299
512  299
503  300
504  302
500  304
505  304
510  305
495  306
502  306
505  307
496  309
504  311
512  311
500  312
502  312
505  313
505  315
507  316
497  318
508  319
496  320
502  320
517  308
501  323
498  324
502  325
511  325
497  326
501  330
498  332
505  332
511  334
520  323
518  325
515  326
534  326
525  328
520  330
516  331
522  331
520  332
--- Tree node i: 102contains 53 keypoints: 
451  348
480  336
482  336
464  337
456  338
461  338
474  338
466  339
478  339
482  339
458  340
454  341
472  341
481  342
457  343
463  343
478  344
468  345
475  345
456  346
458  346
453  348
472  348
464  349
480  350
457  351
463  352
475  352
472  353
480  354
488  336
485  337
484  339
486  339
485  342
494  342
484  344
489  348
473  362
486  359
493  361
493  364
490  366
493  368
493  372
490  375
494  377
490  380
483  381
490  383
486  384
493  386
450  387
--- Tree node i: 103contains 55 keypoints: 
542  181
541  186
570  171
568  172
565  176
556  177
561  177
572  177
565  180
571  181
549  183
551  183
557  183
563  183
559  184
545  185
568  185
551  186
570  186
563  189
558  190
562  193
567  193
570  193
574  169
578  172
577  175
577  179
583  179
575  180
581  181
580  184
578  185
574  186
577  189
573  194
541  202
541  211
542  217
570  195
555  200
563  200
543  202
556  209
558  210
543  211
547  211
546  214
553  214
543  216
544  220
565  222
573  195
580  195
582  195
--- Tree node i: 104contains 59 keypoints: 
452  284
453  284
465  292
492  292
489  293
485  295
492  295
483  297
486  298
494  300
491  302
492  305
483  308
492  308
490  309
488  310
485  311
493  311
485  313
490  314
493  314
483  316
494  317
484  320
487  320
485  322
489  322
494  322
477  324
470  325
466  326
476  326
479  326
458  328
470  328
473  328
477  329
453  330
469  330
480  330
473  331
478  331
482  331
462  332
464  333
460  335
469  335
473  335
484  323
487  323
490  323
491  325
494  326
487  327
483  328
494  329
483  330
487  331
492  331
--- Tree node i: 105contains 60 keypoints: 
226  393
237  393
231  394
239  395
241  396
227  399
231  401
239  401
228  406
234  409
227  412
233  412
230  414
226  415
237  417
231  418
241  418
257  405
268  411
232  419
225  421
234  423
239  423
228  425
225  427
235  427
233  432
234  435
226  436
230  438
241  440
249  419
255  419
264  419
267  421
253  422
258  422
260  422
243  425
251  425
256  425
249  426
243  428
267  428
249  429
251  429
259  429
263  429
244  431
254  431
261  431
264  431
246  432
252  435
257  435
248  438
250  438
243  440
251  440
245  443
--- Tree node i: 106contains 62 keypoints: 
180  172
180  178
181  182
182  186
181  188
181  190
187  169
207  169
201  170
197  171
192  172
199  173
211  173
194  174
202  174
209  174
185  175
212  176
200  177
184  178
198  178
206  178
187  179
211  179
189  181
193  181
204  181
201  182
189  183
193  183
197  184
212  184
209  185
204  186
207  186
195  187
201  187
185  188
190  188
192  188
183  189
187  190
198  190
206  190
212  192
222  169
218  171
217  174
222  175
216  176
214  178
223  180
213  184
219  184
218  187
219  191
213  192
221  194
195  199
209  200
201  201
216  212
--- Tree node i: 107contains 63 keypoints: 
362  66
367  57
385  57
379  58
386  59
382  61
377  64
364  65
390  65
371  66
375  66
381  66
398  59
395  62
400  64
398  65
394  66
362  71
362  75
364  67
371  67
375  67
380  67
383  67
387  68
392  68
363  71
370  71
374  71
381  72
383  72
388  72
363  74
376  74
378  74
368  75
371  76
373  76
380  76
389  76
364  77
365  88
366  92
370  95
363  97
365  97
367  97
395  67
397  69
400  69
393  70
404  70
398  72
395  75
399  75
393  76
398  77
400  78
402  78
398  96
403  96
376  99
376  109
--- Tree node i: 108contains 65 keypoints: 
182  395
182  399
182  403
180  410
187  392
191  392
201  392
207  392
188  394
191  394
192  396
199  396
210  396
195  397
208  397
196  399
205  401
208  402
205  404
186  407
208  407
193  408
197  408
200  408
202  408
206  410
211  411
186  414
200  414
200  417
215  394
221  397
223  397
218  402
213  403
223  403
219  408
221  409
219  410
215  411
221  418
224  418
181  422
182  425
181  436
181  438
211  424
222  419
224  419
220  420
215  422
218  423
220  423
213  424
213  427
219  427
216  429
214  431
221  432
219  435
213  436
224  437
217  438
218  440
221  444
--- Tree node i: 109contains 68 keypoints: 
150  171
146  172
145  174
150  174
138  175
147  175
138  177
141  178
137  179
145  179
143  181
151  181
137  182
146  183
150  183
136  184
143  185
140  186
137  187
145  187
150  189
152  190
138  191
138  193
149  194
152  194
167  168
159  169
161  170
159  172
175  172
167  173
170  173
153  174
176  174
164  175
158  176
174  177
157  178
163  178
168  179
158  180
161  181
155  182
158  182
171  182
169  183
153  184
162  184
177  184
165  185
158  186
175  186
153  187
170  187
178  187
165  188
162  189
178  190
168  191
163  192
173  192
157  193
153  194
150  195
144  196
135  211
153  195
--- Tree node i: 110contains 70 keypoints: 
140  392
146  392
148  392
136  394
149  394
151  394
142  396
148  398
143  399
143  401
144  406
149  407
136  408
144  410
151  416
159  392
175  393
154  394
167  394
176  397
168  398
173  401
153  402
167  402
165  403
173  403
178  404
169  405
171  406
160  408
179  408
168  409
156  410
172  410
177  412
157  413
175  415
175  417
147  423
135  425
143  429
141  430
143  431
138  435
139  437
141  437
152  438
140  440
142  441
152  441
143  443
147  443
156  419
170  419
161  422
176  422
158  423
154  426
176  429
176  431
161  432
162  434
174  435
161  436
163  436
167  437
153  438
157  439
168  442
174  443
--- Tree node i: 111contains 70 keypoints: 
510  340
497  341
503  342
506  342
495  344
509  348
511  352
503  353
514  336
517  338
523  339
534  339
537  339
516  341
522  343
528  343
515  344
525  346
539  346
539  350
523  354
530  354
509  355
512  357
498  358
501  358
507  358
498  360
504  360
508  361
511  362
499  363
501  363
505  364
497  366
502  366
499  369
505  369
508  370
502  371
499  374
506  374
509  374
502  377
497  379
501  379
503  380
495  381
500  383
503  384
508  384
496  386
501  386
521  357
529  357
516  359
532  366
532  369
539  370
514  374
527  375
538  376
530  378
536  378
524  381
532  381
538  381
514  382
530  384
538  384
--- Tree node i: 112contains 72 keypoints: 
48  169
53  171
57  176
47  179
54  181
57  182
62  182
48  184
62  184
45  185
51  186
55  186
55  188
57  190
62  190
71  168
71  171
80  174
84  174
75  176
87  176
75  178
83  178
86  180
84  181
89  181
63  182
85  183
86  185
65  186
74  186
81  188
63  190
65  190
74  191
89  191
66  194
50  195
55  196
46  197
61  198
55  201
58  202
49  204
59  205
55  208
60  210
47  214
51  215
67  195
74  195
79  195
72  197
74  197
88  197
63  199
78  199
65  202
83  203
87  204
74  205
65  207
85  207
73  208
79  209
72  210
67  212
64  213
88  215
75  219
84  219
78  220
--- Tree node i: 113contains 77 keypoints: 
92  169
90  185
92  191
99  168
119  168
93  169
117  169
122  169
98  170
104  170
119  170
108  171
112  171
117  172
95  174
102  174
113  174
108  175
122  175
113  176
103  177
99  178
112  178
116  178
122  178
100  180
105  180
93  181
117  181
114  182
94  183
119  183
98  185
107  185
109  185
122  185
103  186
116  187
109  188
100  189
122  190
93  192
108  192
101  194
123  169
126  169
132  171
123  172
128  174
130  174
123  177
134  178
123  179
126  179
131  179
132  182
124  183
123  185
133  189
124  190
127  192
133  194
91  200
107  196
114  198
94  200
101  200
122  200
120  201
104  203
97  204
101  205
123  195
128  197
126  198
133  198
123  200
--- Tree node i: 114contains 78 keypoints: 
32  129
36  129
22  131
32  133
28  134
19  135
23  135
32  135
9  136
14  136
10  139
15  139
28  139
31  139
20  140
6  141
10  141
13  142
5  143
8  144
32  144
14  145
28  145
16  146
19  146
7  147
24  147
12  148
32  148
15  149
13  150
31  150
4  151
10  151
25  151
32  153
3  154
11  154
8  155
5  157
25  157
16  158
20  158
27  158
32  158
5  159
15  161
27  162
32  162
35  131
41  131
44  131
33  133
38  138
43  138
35  140
38  141
35  144
39  144
42  144
33  148
37  148
40  148
44  148
44  152
34  153
38  153
33  158
36  161
42  161
33  162
20  163
27  163
15  164
21  165
9  166
23  166
42  163
--- Tree node i: 115contains 82 keypoints: 
271  396
294  392
273  393
283  393
273  396
278  397
295  398
284  399
297  399
274  401
277  401
280  401
302  401
298  402
276  403
281  404
285  404
290  404
301  404
281  406
300  406
302  407
281  410
275  411
278  413
293  413
295  413
276  414
284  415
291  415
298  415
286  417
297  417
301  417
275  418
289  418
291  418
295  418
272  421
271  424
270  437
271  443
293  419
295  419
280  422
283  422
292  422
277  423
285  423
275  424
273  426
300  426
290  428
294  429
292  430
277  431
289  431
301  432
278  433
280  433
285  434
300  434
302  434
277  436
292  436
278  438
292  438
299  438
289  439
300  440
302  440
274  441
293  442
281  443
298  444
306  421
309  421
314  425
305  430
304  440
312  440
314  444
--- Tree node i: 116contains 86 keypoints: 
235  56
238  56
225  58
230  58
236  59
231  60
234  60
238  60
236  61
237  63
256  56
243  57
253  57
267  57
250  58
259  60
252  61
254  64
260  64
240  77
227  80
235  81
226  82
229  82
232  82
237  83
242  83
227  84
234  85
237  86
242  87
230  88
241  89
234  90
242  92
227  94
230  96
226  98
261  67
256  69
262  69
269  70
261  72
269  72
256  73
259  73
268  75
255  76
261  76
265  76
258  79
260  79
255  81
262  81
259  83
243  84
263  84
252  86
244  88
264  88
249  89
254  89
245  90
248  91
261  92
264  93
244  95
260  96
266  96
261  98
241  100
232  102
242  102
239  103
234  104
238  105
235  107
240  108
240  110
245  100
269  100
259  101
266  101
244  102
256  108
254  109
--- Tree node i: 117contains 88 keypoints: 
180  4
182  4
180  7
182  7
181  9
182  12
182  14
182  17
182  20
181  23
182  27
181  34
197  3
197  5
183  7
199  13
199  18
198  20
183  21
185  21
201  21
193  22
198  22
184  24
189  24
194  24
186  25
198  25
191  26
185  28
195  28
184  30
188  30
196  30
185  33
196  33
183  34
194  34
198  34
223  15
222  20
180  35
182  35
182  38
182  46
181  49
182  52
180  54
184  35
189  35
195  35
197  35
199  36
188  37
193  37
184  38
186  38
199  39
191  41
193  42
199  42
185  44
190  44
199  44
194  45
183  46
188  46
196  46
192  47
198  47
200  47
196  49
200  49
183  51
192  51
202  51
186  52
206  52
212  53
190  54
192  54
198  54
209  54
196  55
206  55
217  52
213  53
219  55
--- Tree node i: 118contains 92 keypoints: 
111  56
102  57
104  57
115  57
107  58
112  58
92  85
92  94
90  98
92  98
94  70
97  71
107  71
112  71
94  72
106  76
95  78
99  79
104  79
110  79
95  80
102  80
100  81
105  81
107  81
95  82
94  85
101  86
111  87
115  87
94  88
103  88
111  90
114  90
98  91
104  91
121  92
93  93
111  93
114  93
102  94
100  95
104  95
97  96
97  98
102  98
105  98
108  98
111  98
121  98
126  78
131  78
134  78
131  81
130  92
133  92
126  94
134  95
124  96
131  97
91  99
92  106
91  110
108  99
113  99
120  99
111  100
115  100
122  100
121  102
106  103
93  105
98  105
114  105
117  106
113  107
93  108
119  109
104  110
130  99
124  100
128  100
130  102
124  104
132  104
127  105
130  105
124  106
132  107
124  109
127  111
130  111
--- Tree node i: 119contains 93 keypoints: 
181  64
201  56
211  56
205  57
199  58
212  58
189  60
206  60
184  61
211  61
213  56
222  56
224  56
214  58
215  60
218  63
182  85
181  89
182  93
182  98
199  77
194  78
205  78
210  78
203  81
212  81
189  82
196  82
201  82
191  84
198  84
186  86
198  86
186  88
191  88
201  88
183  91
212  91
187  92
205  93
200  94
205  96
183  97
207  97
219  78
215  79
224  79
216  81
219  81
213  82
215  85
217  85
219  86
222  86
221  89
216  90
219  92
224  93
216  94
222  95
223  98
182  99
182  106
181  110
196  100
200  100
203  101
194  103
196  103
192  104
200  104
212  105
183  106
190  106
187  107
193  107
209  107
202  108
199  109
187  110
196  110
210  110
183  111
221  100
218  101
214  102
223  103
213  105
220  106
215  108
218  108
213  111
223  111
--- Tree node i: 120contains 96 keypoints: 
151  60
143  63
148  63
151  63
146  66
173  56
170  57
159  58
162  58
175  58
154  59
166  60
170  60
172  60
153  61
157  61
163  61
169  62
155  63
162  63
177  63
157  64
159  64
159  66
145  68
137  78
139  82
140  85
139  92
138  94
138  97
141  97
160  67
166  76
164  80
162  85
165  85
179  85
159  86
170  86
154  87
163  87
172  87
167  88
170  88
175  88
158  89
178  89
164  90
157  91
162  91
159  92
179  92
161  93
167  93
172  93
159  94
172  95
174  95
176  95
161  96
168  97
172  98
178  98
135  100
139  100
143  100
146  100
148  103
151  103
144  104
137  106
146  107
150  107
138  109
160  99
168  99
171  99
174  99
177  99
163  100
158  101
166  102
154  103
157  103
163  104
166  104
169  104
153  106
156  106
169  107
172  107
176  107
164  109
156  110
166  111
--- Tree node i: 121contains 106 keypoints: 
32  168
14  169
27  169
4  170
10  170
19  170
25  171
22  172
3  173
17  174
25  175
6  176
31  176
10  177
18  177
32  178
15  179
13  180
19  180
30  180
4  181
24  181
8  182
14  183
9  185
23  185
20  186
29  186
8  187
18  189
24  190
15  191
7  193
18  193
21  193
4  194
13  194
25  194
33  168
33  170
34  172
36  172
42  172
40  177
33  178
33  180
42  180
34  183
40  184
38  188
36  192
44  192
35  194
4  195
13  195
25  195
31  195
21  198
4  199
24  199
14  201
24  201
30  202
9  203
6  204
11  206
28  206
30  206
3  207
19  207
11  208
15  208
21  210
29  210
5  211
14  211
23  212
32  213
19  214
30  214
11  215
28  216
18  217
23  217
8  218
15  219
11  220
29  220
15  221
25  221
7  222
11  222
20  222
40  195
36  196
41  200
42  202
33  204
42  208
34  211
37  211
37  214
39  214
38  216
44  216
40  218
--- Tree node i: 122contains 115 keypoints: 
61  115
59  121
62  127
48  130
60  130
75  113
89  113
66  114
79  114
63  115
71  115
68  117
84  117
67  119
82  119
71  120
65  121
75  122
68  123
73  123
63  124
75  124
84  124
67  125
70  125
81  127
67  128
79  128
83  128
70  129
86  129
74  130
77  130
81  130
48  131
59  131
52  133
57  133
62  133
59  134
47  135
56  135
61  135
54  137
60  139
62  139
55  140
57  140
46  141
53  141
56  143
49  144
58  144
49  146
54  147
48  148
62  150
47  154
54  155
58  157
47  158
60  158
47  160
48  162
76  131
80  131
84  131
69  132
63  133
78  133
84  134
86  134
88  135
63  136
66  137
72  137
85  138
65  139
71  139
63  140
83  141
76  142
71  143
81  143
63  144
83  144
89  144
86  145
68  146
78  147
82  147
68  148
75  148
71  149
79  149
83  150
78  153
81  154
81  156
85  158
74  159
85  160
65  161
82  161
86  162
49  163
56  163
56  165
64  163
73  164
86  164
88  164
66  166
69  166
75  167
--- Tree node i: 123contains 116 keypoints: 
150  112
145  113
137  114
140  115
150  116
142  117
149  118
143  119
141  120
147  120
152  120
149  121
146  122
139  125
143  127
146  127
152  128
140  129
149  129
137  130
177  112
166  114
163  115
178  116
169  117
163  121
172  121
157  123
162  126
155  128
178  128
153  130
160  130
163  130
166  130
178  130
141  132
138  133
135  134
152  134
142  137
139  140
143  140
149  140
138  142
135  144
137  145
150  145
144  146
142  147
138  149
143  150
147  150
150  151
142  152
148  153
137  155
146  156
151  157
147  158
141  160
138  161
136  162
154  131
166  131
160  132
169  132
173  135
179  135
158  136
161  136
168  136
177  137
155  138
169  138
174  139
161  140
155  141
167  142
175  143
162  144
174  146
177  146
179  146
157  147
161  147
167  147
153  150
156  152
158  152
166  152
163  153
167  154
179  154
155  155
161  155
174  155
153  156
166  158
172  158
155  161
159  161
168  161
136  163
144  164
149  164
138  165
139  167
143  167
149  167
173  163
154  164
159  164
162  164
172  165
154  167
--- Tree node i: 124contains 117 keypoints: 
90  119
97  112
102  112
106  112
116  112
101  114
115  115
110  116
95  118
122  118
104  120
115  120
109  121
119  122
113  123
119  124
98  125
111  125
113  125
122  127
108  128
113  128
122  130
124  112
130  113
128  115
123  117
128  117
126  120
130  124
134  125
127  126
123  127
131  128
128  130
90  131
91  133
90  140
90  142
91  146
90  148
92  158
91  161
122  131
93  133
98  133
109  135
96  136
117  136
98  139
119  139
94  141
113  141
117  141
103  142
107  142
97  144
99  145
107  145
111  145
103  146
109  146
117  146
121  146
98  147
93  148
98  149
111  150
121  150
94  152
116  152
99  153
108  153
113  153
98  155
96  156
102  156
110  156
122  156
107  157
118  158
93  159
101  160
104  160
93  162
100  162
108  162
112  162
122  162
123  131
128  131
132  131
130  132
133  134
131  136
127  137
128  140
127  143
129  146
130  150
123  153
131  154
131  157
133  158
130  160
101  163
105  163
108  163
122  163
112  164
102  166
122  166
96  167
111  167
131  164
123  167
127  167
--- Tree node i: 125contains 121 keypoints: 
182  112
194  113
204  113
208  113
192  114
187  115
199  115
202  115
211  115
185  117
210  118
183  119
194  119
204  119
201  120
209  120
190  121
198  121
188  122
210  122
202  123
197  124
209  124
205  125
211  125
184  127
192  128
203  128
205  129
187  130
201  130
208  130
218  112
215  113
217  114
222  114
213  116
217  118
224  119
214  121
219  122
219  125
221  126
217  127
221  128
182  136
180  143
181  148
180  162
188  131
201  131
183  132
191  133
198  133
204  133
190  135
200  135
211  135
187  137
191  137
193  137
195  137
204  137
211  138
188  140
209  140
212  140
183  142
210  142
201  144
210  145
206  148
194  149
185  151
200  151
209  153
189  155
196  155
204  155
193  156
202  156
183  157
206  157
199  159
211  159
183  160
206  160
195  161
199  161
209  161
186  162
222  131
224  131
219  132
214  134
219  134
224  134
217  136
213  138
219  138
216  141
220  142
223  145
221  146
215  148
222  150
222  153
214  156
219  156
221  158
214  161
181  163
182  167
190  163
187  164
203  164
185  165
200  165
211  165
194  166
192  167

